TABLE NO.  2
 CL          V           ETA1        ETA2
  5.3127E-03  1.3879E+00 -1.0782E-01 -1.3436E-02
  5.3127E-03  1.3879E+00 -1.0782E-01 -1.3436E-02
  5.3127E-03  1.3879E+00 -1.0782E-01 -1.3436E-02
  5.3127E-03  1.3879E+00 -1.0782E-01 -1.3436E-02
  5.3127E-03  1.3879E+00 -1.0782E-01 -1.3436E-02
  5.3127E-03  1.3879E+00 -1.0782E-01 -1.3436E-02
  5.3127E-03  1.3879E+00 -1.0782E-01 -1.3436E-02
  5.3127E-03  1.3879E+00 -1.0782E-01 -1.3436E-02
  5.3127E-03  1.3879E+00 -1.0782E-01 -1.3436E-02
  5.3127E-03  1.3879E+00 -1.0782E-01 -1.3436E-02
  5.3127E-03  1.3879E+00 -1.0782E-01 -1.3436E-02
  5.3127E-03  1.3879E+00 -1.0782E-01 -1.3436E-02
  4.8681E-03  1.2363E+00 -1.9520E-01 -1.2905E-01
  4.8681E-03  1.2363E+00 -1.9520E-01 -1.2905E-01
  4.8681E-03  1.2363E+00 -1.9520E-01 -1.2905E-01
  4.8681E-03  1.2363E+00 -1.9520E-01 -1.2905E-01
  4.8681E-03  1.2363E+00 -1.9520E-01 -1.2905E-01
  4.8681E-03  1.2363E+00 -1.9520E-01 -1.2905E-01
  4.8681E-03  1.2363E+00 -1.9520E-01 -1.2905E-01
  4.8681E-03  1.2363E+00 -1.9520E-01 -1.2905E-01
  4.8681E-03  1.2363E+00 -1.9520E-01 -1.2905E-01
  4.8681E-03  1.2363E+00 -1.9520E-01 -1.2905E-01
  4.8681E-03  1.2363E+00 -1.9520E-01 -1.2905E-01
  4.8681E-03  1.2363E+00 -1.9520E-01 -1.2905E-01
  4.8681E-03  1.2363E+00 -1.9520E-01 -1.2905E-01
  4.8681E-03  1.2363E+00 -1.9520E-01 -1.2905E-01
  4.8681E-03  1.2363E+00 -1.9520E-01 -1.2905E-01
  8.7180E-03  1.6867E+00  3.8748E-01  1.8155E-01
  8.7180E-03  1.6867E+00  3.8748E-01  1.8155E-01
  8.7180E-03  1.6867E+00  3.8748E-01  1.8155E-01
  8.7180E-03  1.6867E+00  3.8748E-01  1.8155E-01
  8.7180E-03  1.6867E+00  3.8748E-01  1.8155E-01
  8.7180E-03  1.6867E+00  3.8748E-01  1.8155E-01
  8.7180E-03  1.6867E+00  3.8748E-01  1.8155E-01
  8.7180E-03  1.6867E+00  3.8748E-01  1.8155E-01
  8.7180E-03  1.6867E+00  3.8748E-01  1.8155E-01
  8.7180E-03  1.6867E+00  3.8748E-01  1.8155E-01
  8.7180E-03  1.6867E+00  3.8748E-01  1.8155E-01
  8.7180E-03  1.6867E+00  3.8748E-01  1.8155E-01
  8.7180E-03  1.6867E+00  3.8748E-01  1.8155E-01
  8.7180E-03  1.6867E+00  3.8748E-01  1.8155E-01
  8.7180E-03  1.6867E+00  3.8748E-01  1.8155E-01
  4.2428E-03  8.9870E-01 -3.3268E-01 -4.4802E-01
  4.2428E-03  8.9870E-01 -3.3268E-01 -4.4802E-01
  4.2428E-03  8.9870E-01 -3.3268E-01 -4.4802E-01
  4.2428E-03  8.9870E-01 -3.3268E-01 -4.4802E-01
  4.2428E-03  8.9870E-01 -3.3268E-01 -4.4802E-01
  4.2428E-03  8.9870E-01 -3.3268E-01 -4.4802E-01
  4.2428E-03  8.9870E-01 -3.3268E-01 -4.4802E-01
  4.2428E-03  8.9870E-01 -3.3268E-01 -4.4802E-01
  4.2428E-03  8.9870E-01 -3.3268E-01 -4.4802E-01
  4.2428E-03  8.9870E-01 -3.3268E-01 -4.4802E-01
  4.2428E-03  8.9870E-01 -3.3268E-01 -4.4802E-01
  4.2428E-03  8.9870E-01 -3.3268E-01 -4.4802E-01
  4.2428E-03  8.9870E-01 -3.3268E-01 -4.4802E-01
  4.2428E-03  8.9870E-01 -3.3268E-01 -4.4802E-01
  7.8117E-03  1.9050E+00  2.7772E-01  3.0326E-01
  7.8117E-03  1.9050E+00  2.7772E-01  3.0326E-01
  7.8117E-03  1.9050E+00  2.7772E-01  3.0326E-01
  7.8117E-03  1.9050E+00  2.7772E-01  3.0326E-01
  7.8117E-03  1.9050E+00  2.7772E-01  3.0326E-01
  7.8117E-03  1.9050E+00  2.7772E-01  3.0326E-01
  7.8117E-03  1.9050E+00  2.7772E-01  3.0326E-01
  7.8117E-03  1.9050E+00  2.7772E-01  3.0326E-01
  7.8117E-03  1.9050E+00  2.7772E-01  3.0326E-01
  7.8117E-03  1.9050E+00  2.7772E-01  3.0326E-01
  7.8117E-03  1.9050E+00  2.7772E-01  3.0326E-01
  7.8117E-03  1.9050E+00  2.7772E-01  3.0326E-01
  7.8117E-03  1.9050E+00  2.7772E-01  3.0326E-01
  7.8117E-03  1.9050E+00  2.7772E-01  3.0326E-01
  4.6681E-03  1.3855E+00 -2.3715E-01 -1.5120E-02
  4.6681E-03  1.3855E+00 -2.3715E-01 -1.5120E-02
  4.6681E-03  1.3855E+00 -2.3715E-01 -1.5120E-02
  4.6681E-03  1.3855E+00 -2.3715E-01 -1.5120E-02
  4.6681E-03  1.3855E+00 -2.3715E-01 -1.5120E-02
  4.6681E-03  1.3855E+00 -2.3715E-01 -1.5120E-02
  4.6681E-03  1.3855E+00 -2.3715E-01 -1.5120E-02
  4.6681E-03  1.3855E+00 -2.3715E-01 -1.5120E-02
  4.6681E-03  1.3855E+00 -2.3715E-01 -1.5120E-02
  4.6681E-03  1.3855E+00 -2.3715E-01 -1.5120E-02
  4.6681E-03  1.3855E+00 -2.3715E-01 -1.5120E-02
  4.6681E-03  1.3855E+00 -2.3715E-01 -1.5120E-02
  4.6681E-03  1.3855E+00 -2.3715E-01 -1.5120E-02
  4.6681E-03  1.3855E+00 -2.3715E-01 -1.5120E-02
  4.6681E-03  1.3855E+00 -2.3715E-01 -1.5120E-02
  5.3107E-03  1.0369E+00 -1.0818E-01 -3.0499E-01
  5.3107E-03  1.0369E+00 -1.0818E-01 -3.0499E-01
  5.3107E-03  1.0369E+00 -1.0818E-01 -3.0499E-01
  5.3107E-03  1.0369E+00 -1.0818E-01 -3.0499E-01
  5.3107E-03  1.0369E+00 -1.0818E-01 -3.0499E-01
  5.3107E-03  1.0369E+00 -1.0818E-01 -3.0499E-01
  5.3107E-03  1.0369E+00 -1.0818E-01 -3.0499E-01
  5.3107E-03  1.0369E+00 -1.0818E-01 -3.0499E-01
  5.3107E-03  1.0369E+00 -1.0818E-01 -3.0499E-01
  5.3107E-03  1.0369E+00 -1.0818E-01 -3.0499E-01
  5.3107E-03  1.0369E+00 -1.0818E-01 -3.0499E-01
  5.3107E-03  1.0369E+00 -1.0818E-01 -3.0499E-01
  5.3107E-03  1.0369E+00 -1.0818E-01 -3.0499E-01
  5.3107E-03  1.0369E+00 -1.0818E-01 -3.0499E-01
  5.3107E-03  1.0369E+00 -1.0818E-01 -3.0499E-01
  5.3107E-03  1.0369E+00 -1.0818E-01 -3.0499E-01
  5.7259E-03  9.1789E-01 -3.2905E-02 -4.2688E-01
  5.7259E-03  9.1789E-01 -3.2905E-02 -4.2688E-01
  5.7259E-03  9.1789E-01 -3.2905E-02 -4.2688E-01
  5.7259E-03  9.1789E-01 -3.2905E-02 -4.2688E-01
  5.7259E-03  9.1789E-01 -3.2905E-02 -4.2688E-01
  5.7259E-03  9.1789E-01 -3.2905E-02 -4.2688E-01
  5.7259E-03  9.1789E-01 -3.2905E-02 -4.2688E-01
  5.7259E-03  9.1789E-01 -3.2905E-02 -4.2688E-01
  5.7259E-03  9.1789E-01 -3.2905E-02 -4.2688E-01
  5.7259E-03  9.1789E-01 -3.2905E-02 -4.2688E-01
  5.7259E-03  9.1789E-01 -3.2905E-02 -4.2688E-01
  5.7259E-03  9.1789E-01 -3.2905E-02 -4.2688E-01
  5.7259E-03  9.1789E-01 -3.2905E-02 -4.2688E-01
  5.7259E-03  9.1789E-01 -3.2905E-02 -4.2688E-01
  5.7259E-03  9.1789E-01 -3.2905E-02 -4.2688E-01
  5.7259E-03  9.1789E-01 -3.2905E-02 -4.2688E-01
  4.8025E-03  1.2361E+00 -2.0876E-01 -1.2926E-01
  4.8025E-03  1.2361E+00 -2.0876E-01 -1.2926E-01
  4.8025E-03  1.2361E+00 -2.0876E-01 -1.2926E-01
  4.8025E-03  1.2361E+00 -2.0876E-01 -1.2926E-01
  4.8025E-03  1.2361E+00 -2.0876E-01 -1.2926E-01
  4.8025E-03  1.2361E+00 -2.0876E-01 -1.2926E-01
  4.8025E-03  1.2361E+00 -2.0876E-01 -1.2926E-01
  4.8025E-03  1.2361E+00 -2.0876E-01 -1.2926E-01
  4.8025E-03  1.2361E+00 -2.0876E-01 -1.2926E-01
  4.8025E-03  1.2361E+00 -2.0876E-01 -1.2926E-01
  4.8025E-03  1.2361E+00 -2.0876E-01 -1.2926E-01
  4.8025E-03  1.2361E+00 -2.0876E-01 -1.2926E-01
  4.8025E-03  1.2361E+00 -2.0876E-01 -1.2926E-01
  4.8025E-03  1.2361E+00 -2.0876E-01 -1.2926E-01
  4.8025E-03  1.2361E+00 -2.0876E-01 -1.2926E-01
  4.8025E-03  1.2361E+00 -2.0876E-01 -1.2926E-01
  4.8025E-03  1.2361E+00 -2.0876E-01 -1.2926E-01
  6.2571E-03  1.4077E+00  5.5805E-02  7.5949E-04
  6.2571E-03  1.4077E+00  5.5805E-02  7.5949E-04
  6.2571E-03  1.4077E+00  5.5805E-02  7.5949E-04
  6.2571E-03  1.4077E+00  5.5805E-02  7.5949E-04
  6.2571E-03  1.4077E+00  5.5805E-02  7.5949E-04
  6.2571E-03  1.4077E+00  5.5805E-02  7.5949E-04
  6.2571E-03  1.4077E+00  5.5805E-02  7.5949E-04
  6.2571E-03  1.4077E+00  5.5805E-02  7.5949E-04
  6.2571E-03  1.4077E+00  5.5805E-02  7.5949E-04
  6.2571E-03  1.4077E+00  5.5805E-02  7.5949E-04
  6.2571E-03  1.4077E+00  5.5805E-02  7.5949E-04
  6.2571E-03  1.4077E+00  5.5805E-02  7.5949E-04
  6.2571E-03  1.4077E+00  5.5805E-02  7.5949E-04
  6.2571E-03  1.4077E+00  5.5805E-02  7.5949E-04
  6.2571E-03  1.4077E+00  5.5805E-02  7.5949E-04
  6.2651E-03  1.9732E+00  5.7087E-02  3.3844E-01
  6.2651E-03  1.9732E+00  5.7087E-02  3.3844E-01
  6.2651E-03  1.9732E+00  5.7087E-02  3.3844E-01
  6.2651E-03  1.9732E+00  5.7087E-02  3.3844E-01
  6.2651E-03  1.9732E+00  5.7087E-02  3.3844E-01
  6.2651E-03  1.9732E+00  5.7087E-02  3.3844E-01
  5.5936E-03  1.3573E+00 -5.6294E-02 -3.5740E-02
  5.5936E-03  1.3573E+00 -5.6294E-02 -3.5740E-02
  5.5936E-03  1.3573E+00 -5.6294E-02 -3.5740E-02
  5.5936E-03  1.3573E+00 -5.6294E-02 -3.5740E-02
  5.5936E-03  1.3573E+00 -5.6294E-02 -3.5740E-02
  5.5936E-03  1.3573E+00 -5.6294E-02 -3.5740E-02
  5.5936E-03  1.3573E+00 -5.6294E-02 -3.5740E-02
  5.5936E-03  1.3573E+00 -5.6294E-02 -3.5740E-02
  5.5936E-03  1.3573E+00 -5.6294E-02 -3.5740E-02
  5.5936E-03  1.3573E+00 -5.6294E-02 -3.5740E-02
  5.5936E-03  1.3573E+00 -5.6294E-02 -3.5740E-02
  5.5936E-03  1.3573E+00 -5.6294E-02 -3.5740E-02
  5.5936E-03  1.3573E+00 -5.6294E-02 -3.5740E-02
  5.5936E-03  1.3573E+00 -5.6294E-02 -3.5740E-02
  5.5936E-03  1.3573E+00 -5.6294E-02 -3.5740E-02
  5.5936E-03  1.3573E+00 -5.6294E-02 -3.5740E-02
  4.2912E-03  9.0580E-01 -3.2135E-01 -4.4014E-01
  4.2912E-03  9.0580E-01 -3.2135E-01 -4.4014E-01
  4.2912E-03  9.0580E-01 -3.2135E-01 -4.4014E-01
  4.2912E-03  9.0580E-01 -3.2135E-01 -4.4014E-01
  4.2912E-03  9.0580E-01 -3.2135E-01 -4.4014E-01
  4.2912E-03  9.0580E-01 -3.2135E-01 -4.4014E-01
  4.2912E-03  9.0580E-01 -3.2135E-01 -4.4014E-01
  4.2912E-03  9.0580E-01 -3.2135E-01 -4.4014E-01
  4.2912E-03  9.0580E-01 -3.2135E-01 -4.4014E-01
  4.2912E-03  9.0580E-01 -3.2135E-01 -4.4014E-01
  4.2912E-03  9.0580E-01 -3.2135E-01 -4.4014E-01
  4.2912E-03  9.0580E-01 -3.2135E-01 -4.4014E-01
  4.2912E-03  9.0580E-01 -3.2135E-01 -4.4014E-01
  4.2912E-03  9.0580E-01 -3.2135E-01 -4.4014E-01
  4.2912E-03  9.0580E-01 -3.2135E-01 -4.4014E-01
  4.2912E-03  9.0580E-01 -3.2135E-01 -4.4014E-01
  6.1886E-03  9.6806E-01  4.4791E-02 -3.7367E-01
  6.1886E-03  9.6806E-01  4.4791E-02 -3.7367E-01
  6.1886E-03  9.6806E-01  4.4791E-02 -3.7367E-01
  6.1886E-03  9.6806E-01  4.4791E-02 -3.7367E-01
  6.1886E-03  9.6806E-01  4.4791E-02 -3.7367E-01
  6.1886E-03  9.6806E-01  4.4791E-02 -3.7367E-01
  6.1886E-03  9.6806E-01  4.4791E-02 -3.7367E-01
  6.1886E-03  9.6806E-01  4.4791E-02 -3.7367E-01
  6.1886E-03  9.6806E-01  4.4791E-02 -3.7367E-01
  6.1886E-03  9.6806E-01  4.4791E-02 -3.7367E-01
  6.1886E-03  9.6806E-01  4.4791E-02 -3.7367E-01
  6.1886E-03  9.6806E-01  4.4791E-02 -3.7367E-01
  6.1886E-03  9.6806E-01  4.4791E-02 -3.7367E-01
  6.1886E-03  9.6806E-01  4.4791E-02 -3.7367E-01
  6.1886E-03  9.6806E-01  4.4791E-02 -3.7367E-01
  6.1886E-03  9.6806E-01  4.4791E-02 -3.7367E-01
  6.1886E-03  9.6806E-01  4.4791E-02 -3.7367E-01
  6.0467E-03  1.3967E+00  2.1608E-02 -7.1229E-03
  6.0467E-03  1.3967E+00  2.1608E-02 -7.1229E-03
  6.0467E-03  1.3967E+00  2.1608E-02 -7.1229E-03
  6.0467E-03  1.3967E+00  2.1608E-02 -7.1229E-03
  6.0467E-03  1.3967E+00  2.1608E-02 -7.1229E-03
  6.0467E-03  1.3967E+00  2.1608E-02 -7.1229E-03
  6.0467E-03  1.3967E+00  2.1608E-02 -7.1229E-03
  6.0467E-03  1.3967E+00  2.1608E-02 -7.1229E-03
  6.0467E-03  1.3967E+00  2.1608E-02 -7.1229E-03
  6.0467E-03  1.3967E+00  2.1608E-02 -7.1229E-03
  6.0467E-03  1.3967E+00  2.1608E-02 -7.1229E-03
  6.0467E-03  1.3967E+00  2.1608E-02 -7.1229E-03
  6.0467E-03  1.3967E+00  2.1608E-02 -7.1229E-03
  6.0467E-03  1.3967E+00  2.1608E-02 -7.1229E-03
  4.2398E-03  1.2234E+00 -3.3339E-01 -1.3958E-01
  4.2398E-03  1.2234E+00 -3.3339E-01 -1.3958E-01
  4.2398E-03  1.2234E+00 -3.3339E-01 -1.3958E-01
  4.2398E-03  1.2234E+00 -3.3339E-01 -1.3958E-01
  4.2398E-03  1.2234E+00 -3.3339E-01 -1.3958E-01
  4.2398E-03  1.2234E+00 -3.3339E-01 -1.3958E-01
  4.2398E-03  1.2234E+00 -3.3339E-01 -1.3958E-01
  4.2398E-03  1.2234E+00 -3.3339E-01 -1.3958E-01
  4.2398E-03  1.2234E+00 -3.3339E-01 -1.3958E-01
  4.2398E-03  1.2234E+00 -3.3339E-01 -1.3958E-01
  4.2398E-03  1.2234E+00 -3.3339E-01 -1.3958E-01
  4.2398E-03  1.2234E+00 -3.3339E-01 -1.3958E-01
  4.2398E-03  1.2234E+00 -3.3339E-01 -1.3958E-01
  4.2398E-03  1.2234E+00 -3.3339E-01 -1.3958E-01
  4.2398E-03  1.2234E+00 -3.3339E-01 -1.3958E-01
  4.2398E-03  1.2234E+00 -3.3339E-01 -1.3958E-01
  4.2398E-03  1.2234E+00 -3.3339E-01 -1.3958E-01
  4.2398E-03  1.2234E+00 -3.3339E-01 -1.3958E-01
  4.3181E-03  1.0643E+00 -3.1510E-01 -2.7888E-01
  4.3181E-03  1.0643E+00 -3.1510E-01 -2.7888E-01
  4.3181E-03  1.0643E+00 -3.1510E-01 -2.7888E-01
  4.3181E-03  1.0643E+00 -3.1510E-01 -2.7888E-01
  4.3181E-03  1.0643E+00 -3.1510E-01 -2.7888E-01
  4.3181E-03  1.0643E+00 -3.1510E-01 -2.7888E-01
  4.3181E-03  1.0643E+00 -3.1510E-01 -2.7888E-01
  4.3181E-03  1.0643E+00 -3.1510E-01 -2.7888E-01
  4.3181E-03  1.0643E+00 -3.1510E-01 -2.7888E-01
  4.3181E-03  1.0643E+00 -3.1510E-01 -2.7888E-01
  4.3181E-03  1.0643E+00 -3.1510E-01 -2.7888E-01
  4.3181E-03  1.0643E+00 -3.1510E-01 -2.7888E-01
  4.3181E-03  1.0643E+00 -3.1510E-01 -2.7888E-01
  4.3181E-03  1.0643E+00 -3.1510E-01 -2.7888E-01
  4.3181E-03  1.0643E+00 -3.1510E-01 -2.7888E-01
  4.3181E-03  1.0643E+00 -3.1510E-01 -2.7888E-01
  7.7288E-03  1.1375E+00  2.6705E-01 -2.1239E-01
  7.7288E-03  1.1375E+00  2.6705E-01 -2.1239E-01
  7.7288E-03  1.1375E+00  2.6705E-01 -2.1239E-01
  7.7288E-03  1.1375E+00  2.6705E-01 -2.1239E-01
  7.7288E-03  1.1375E+00  2.6705E-01 -2.1239E-01
  7.7288E-03  1.1375E+00  2.6705E-01 -2.1239E-01
  7.7288E-03  1.1375E+00  2.6705E-01 -2.1239E-01
  7.7288E-03  1.1375E+00  2.6705E-01 -2.1239E-01
  7.7288E-03  1.1375E+00  2.6705E-01 -2.1239E-01
  7.7288E-03  1.1375E+00  2.6705E-01 -2.1239E-01
  7.7288E-03  1.1375E+00  2.6705E-01 -2.1239E-01
  7.7288E-03  1.1375E+00  2.6705E-01 -2.1239E-01
  7.7288E-03  1.1375E+00  2.6705E-01 -2.1239E-01
  7.7288E-03  1.1375E+00  2.6705E-01 -2.1239E-01
  7.7288E-03  1.1375E+00  2.6705E-01 -2.1239E-01
  7.7288E-03  1.1375E+00  2.6705E-01 -2.1239E-01
  5.0965E-03  1.1003E+00 -1.4935E-01 -2.4559E-01
  5.0965E-03  1.1003E+00 -1.4935E-01 -2.4559E-01
  5.0965E-03  1.1003E+00 -1.4935E-01 -2.4559E-01
  5.0965E-03  1.1003E+00 -1.4935E-01 -2.4559E-01
  5.0965E-03  1.1003E+00 -1.4935E-01 -2.4559E-01
  5.0965E-03  1.1003E+00 -1.4935E-01 -2.4559E-01
  5.0965E-03  1.1003E+00 -1.4935E-01 -2.4559E-01
  5.0965E-03  1.1003E+00 -1.4935E-01 -2.4559E-01
  5.0965E-03  1.1003E+00 -1.4935E-01 -2.4559E-01
  5.0965E-03  1.1003E+00 -1.4935E-01 -2.4559E-01
  5.0965E-03  1.1003E+00 -1.4935E-01 -2.4559E-01
  5.0965E-03  1.1003E+00 -1.4935E-01 -2.4559E-01
  5.0965E-03  1.1003E+00 -1.4935E-01 -2.4559E-01
  5.0965E-03  1.1003E+00 -1.4935E-01 -2.4559E-01
  5.0965E-03  1.1003E+00 -1.4935E-01 -2.4559E-01
  5.0965E-03  1.1003E+00 -1.4935E-01 -2.4559E-01
  5.0965E-03  1.1003E+00 -1.4935E-01 -2.4559E-01
  5.7509E-03  1.0630E+00 -2.8557E-02 -2.8009E-01
  5.7509E-03  1.0630E+00 -2.8557E-02 -2.8009E-01
  5.7509E-03  1.0630E+00 -2.8557E-02 -2.8009E-01
  5.7509E-03  1.0630E+00 -2.8557E-02 -2.8009E-01
  5.7509E-03  1.0630E+00 -2.8557E-02 -2.8009E-01
  5.7509E-03  1.0630E+00 -2.8557E-02 -2.8009E-01
  5.7509E-03  1.0630E+00 -2.8557E-02 -2.8009E-01
  5.7509E-03  1.0630E+00 -2.8557E-02 -2.8009E-01
  5.7509E-03  1.0630E+00 -2.8557E-02 -2.8009E-01
  5.7509E-03  1.0630E+00 -2.8557E-02 -2.8009E-01
  5.7509E-03  1.0630E+00 -2.8557E-02 -2.8009E-01
  5.7509E-03  1.0630E+00 -2.8557E-02 -2.8009E-01
  5.7509E-03  1.0630E+00 -2.8557E-02 -2.8009E-01
  5.7509E-03  1.0630E+00 -2.8557E-02 -2.8009E-01
  5.7509E-03  1.0630E+00 -2.8557E-02 -2.8009E-01
  7.5781E-03  1.6516E+00  2.4736E-01  1.6053E-01
  7.5781E-03  1.6516E+00  2.4736E-01  1.6053E-01
  7.5781E-03  1.6516E+00  2.4736E-01  1.6053E-01
  7.5781E-03  1.6516E+00  2.4736E-01  1.6053E-01
  7.5781E-03  1.6516E+00  2.4736E-01  1.6053E-01
  7.5781E-03  1.6516E+00  2.4736E-01  1.6053E-01
  7.5781E-03  1.6516E+00  2.4736E-01  1.6053E-01
  7.5781E-03  1.6516E+00  2.4736E-01  1.6053E-01
  7.5781E-03  1.6516E+00  2.4736E-01  1.6053E-01
  7.5781E-03  1.6516E+00  2.4736E-01  1.6053E-01
  7.5781E-03  1.6516E+00  2.4736E-01  1.6053E-01
  7.5781E-03  1.6516E+00  2.4736E-01  1.6053E-01
  7.5781E-03  1.6516E+00  2.4736E-01  1.6053E-01
  7.5781E-03  1.6516E+00  2.4736E-01  1.6053E-01
  7.5781E-03  1.6516E+00  2.4736E-01  1.6053E-01
  7.5781E-03  1.6516E+00  2.4736E-01  1.6053E-01
  7.5781E-03  1.6516E+00  2.4736E-01  1.6053E-01
  6.1558E-03  1.3781E+00  3.9480E-02 -2.0487E-02
  6.1558E-03  1.3781E+00  3.9480E-02 -2.0487E-02
  6.1558E-03  1.3781E+00  3.9480E-02 -2.0487E-02
  6.1558E-03  1.3781E+00  3.9480E-02 -2.0487E-02
  6.1558E-03  1.3781E+00  3.9480E-02 -2.0487E-02
  6.1558E-03  1.3781E+00  3.9480E-02 -2.0487E-02
  6.1558E-03  1.3781E+00  3.9480E-02 -2.0487E-02
  1.7008E-02  2.5546E+00  1.0558E+00  5.9668E-01
  1.7008E-02  2.5546E+00  1.0558E+00  5.9668E-01
  1.7008E-02  2.5546E+00  1.0558E+00  5.9668E-01
  1.7008E-02  2.5546E+00  1.0558E+00  5.9668E-01
  1.7008E-02  2.5546E+00  1.0558E+00  5.9668E-01
  1.7008E-02  2.5546E+00  1.0558E+00  5.9668E-01
  1.7008E-02  2.5546E+00  1.0558E+00  5.9668E-01
  1.7008E-02  2.5546E+00  1.0558E+00  5.9668E-01
  1.7008E-02  2.5546E+00  1.0558E+00  5.9668E-01
  1.7008E-02  2.5546E+00  1.0558E+00  5.9668E-01
  1.7008E-02  2.5546E+00  1.0558E+00  5.9668E-01
  1.7008E-02  2.5546E+00  1.0558E+00  5.9668E-01
  1.7008E-02  2.5546E+00  1.0558E+00  5.9668E-01
  1.7008E-02  2.5546E+00  1.0558E+00  5.9668E-01
  1.7008E-02  2.5546E+00  1.0558E+00  5.9668E-01
  1.9173E-02  3.4546E+00  1.1756E+00  8.9850E-01
  1.9173E-02  3.4546E+00  1.1756E+00  8.9850E-01
  1.9173E-02  3.4546E+00  1.1756E+00  8.9850E-01
  1.9173E-02  3.4546E+00  1.1756E+00  8.9850E-01
  1.9173E-02  3.4546E+00  1.1756E+00  8.9850E-01
  1.9173E-02  3.4546E+00  1.1756E+00  8.9850E-01
  1.9173E-02  3.4546E+00  1.1756E+00  8.9850E-01
  1.9173E-02  3.4546E+00  1.1756E+00  8.9850E-01
  1.9173E-02  3.4546E+00  1.1756E+00  8.9850E-01
  1.9173E-02  3.4546E+00  1.1756E+00  8.9850E-01
  1.9173E-02  3.4546E+00  1.1756E+00  8.9850E-01
  1.9173E-02  3.4546E+00  1.1756E+00  8.9850E-01
  1.9173E-02  3.4546E+00  1.1756E+00  8.9850E-01
  1.9173E-02  3.4546E+00  1.1756E+00  8.9850E-01
  1.9173E-02  3.4546E+00  1.1756E+00  8.9850E-01
  1.9173E-02  3.4546E+00  1.1756E+00  8.9850E-01
  1.9173E-02  3.4546E+00  1.1756E+00  8.9850E-01
  1.9173E-02  3.4546E+00  1.1756E+00  8.9850E-01
  3.5584E-03  1.0975E+00 -5.0860E-01 -2.4821E-01
  3.5584E-03  1.0975E+00 -5.0860E-01 -2.4821E-01
  3.5584E-03  1.0975E+00 -5.0860E-01 -2.4821E-01
  3.5584E-03  1.0975E+00 -5.0860E-01 -2.4821E-01
  3.5584E-03  1.0975E+00 -5.0860E-01 -2.4821E-01
  3.5584E-03  1.0975E+00 -5.0860E-01 -2.4821E-01
  3.5584E-03  1.0975E+00 -5.0860E-01 -2.4821E-01
  3.5584E-03  1.0975E+00 -5.0860E-01 -2.4821E-01
  3.5584E-03  1.0975E+00 -5.0860E-01 -2.4821E-01
  3.5584E-03  1.0975E+00 -5.0860E-01 -2.4821E-01
  3.5584E-03  1.0975E+00 -5.0860E-01 -2.4821E-01
  3.5584E-03  1.0975E+00 -5.0860E-01 -2.4821E-01
  3.5584E-03  1.0975E+00 -5.0860E-01 -2.4821E-01
  3.5584E-03  1.0975E+00 -5.0860E-01 -2.4821E-01
  3.5584E-03  1.0975E+00 -5.0860E-01 -2.4821E-01
  3.5584E-03  1.0975E+00 -5.0860E-01 -2.4821E-01
  3.5584E-03  1.0975E+00 -5.0860E-01 -2.4821E-01
  3.5584E-03  1.0975E+00 -5.0860E-01 -2.4821E-01
  3.5584E-03  1.0975E+00 -5.0860E-01 -2.4821E-01
  3.5584E-03  1.0975E+00 -5.0860E-01 -2.4821E-01
  8.3022E-03  3.3280E+00  3.3861E-01  8.6116E-01
  8.3022E-03  3.3280E+00  3.3861E-01  8.6116E-01
  8.3022E-03  3.3280E+00  3.3861E-01  8.6116E-01
  8.3022E-03  3.3280E+00  3.3861E-01  8.6116E-01
  8.3022E-03  3.3280E+00  3.3861E-01  8.6116E-01
  8.3022E-03  3.3280E+00  3.3861E-01  8.6116E-01
  8.3022E-03  3.3280E+00  3.3861E-01  8.6116E-01
  8.3022E-03  3.3280E+00  3.3861E-01  8.6116E-01
  8.3022E-03  3.3280E+00  3.3861E-01  8.6116E-01
  8.3022E-03  3.3280E+00  3.3861E-01  8.6116E-01
  8.3022E-03  3.3280E+00  3.3861E-01  8.6116E-01
  8.3022E-03  3.3280E+00  3.3861E-01  8.6116E-01
  7.4186E-03  1.3552E+00  2.2608E-01 -3.7261E-02
  7.4186E-03  1.3552E+00  2.2608E-01 -3.7261E-02
  7.4186E-03  1.3552E+00  2.2608E-01 -3.7261E-02
  7.4186E-03  1.3552E+00  2.2608E-01 -3.7261E-02
  7.4186E-03  1.3552E+00  2.2608E-01 -3.7261E-02
  7.4186E-03  1.3552E+00  2.2608E-01 -3.7261E-02
  7.4186E-03  1.3552E+00  2.2608E-01 -3.7261E-02
  7.4186E-03  1.3552E+00  2.2608E-01 -3.7261E-02
  7.4186E-03  1.3552E+00  2.2608E-01 -3.7261E-02
  5.9351E-03  3.2182E+00  2.9816E-03  8.2761E-01
  5.9351E-03  3.2182E+00  2.9816E-03  8.2761E-01
  5.3946E-03  9.9815E-01 -9.2516E-02 -3.4306E-01
  5.3946E-03  9.9815E-01 -9.2516E-02 -3.4306E-01
  5.3946E-03  9.9815E-01 -9.2516E-02 -3.4306E-01
  5.3946E-03  9.9815E-01 -9.2516E-02 -3.4306E-01
  5.3946E-03  9.9815E-01 -9.2516E-02 -3.4306E-01
  8.4063E-03  1.9204E+00  3.5107E-01  3.1135E-01
  8.4063E-03  1.9204E+00  3.5107E-01  3.1135E-01
  8.4063E-03  1.9204E+00  3.5107E-01  3.1135E-01
  8.4063E-03  1.9204E+00  3.5107E-01  3.1135E-01
  8.4063E-03  1.9204E+00  3.5107E-01  3.1135E-01
  8.4063E-03  1.9204E+00  3.5107E-01  3.1135E-01
  8.4063E-03  1.9204E+00  3.5107E-01  3.1135E-01
  8.4063E-03  1.9204E+00  3.5107E-01  3.1135E-01
  8.4063E-03  1.9204E+00  3.5107E-01  3.1135E-01
  8.4063E-03  1.9204E+00  3.5107E-01  3.1135E-01
  8.4063E-03  1.9204E+00  3.5107E-01  3.1135E-01
  8.4063E-03  1.9204E+00  3.5107E-01  3.1135E-01
  8.4063E-03  1.9204E+00  3.5107E-01  3.1135E-01
  8.4063E-03  1.9204E+00  3.5107E-01  3.1135E-01
  8.4063E-03  1.9204E+00  3.5107E-01  3.1135E-01
  5.9128E-03  1.1929E+00 -7.9902E-04 -1.6483E-01
  5.9128E-03  1.1929E+00 -7.9902E-04 -1.6483E-01
  7.1837E-03  5.4628E+00  1.9390E-01  1.3568E+00
  7.1837E-03  5.4628E+00  1.9390E-01  1.3568E+00
  7.1837E-03  5.4628E+00  1.9390E-01  1.3568E+00
  7.1837E-03  5.4628E+00  1.9390E-01  1.3568E+00
  7.1837E-03  5.4628E+00  1.9390E-01  1.3568E+00
  7.1837E-03  5.4628E+00  1.9390E-01  1.3568E+00
  7.1837E-03  5.4628E+00  1.9390E-01  1.3568E+00
  7.1837E-03  5.4628E+00  1.9390E-01  1.3568E+00
  7.1837E-03  5.4628E+00  1.9390E-01  1.3568E+00
  7.1837E-03  5.4628E+00  1.9390E-01  1.3568E+00
  7.1837E-03  5.4628E+00  1.9390E-01  1.3568E+00
  5.7761E-03  1.5555E+00 -2.4184E-02  1.0061E-01
  5.7761E-03  1.5555E+00 -2.4184E-02  1.0061E-01
  5.7761E-03  1.5555E+00 -2.4184E-02  1.0061E-01
  5.7761E-03  1.5555E+00 -2.4184E-02  1.0061E-01
  5.7761E-03  1.5555E+00 -2.4184E-02  1.0061E-01
  5.7761E-03  1.5555E+00 -2.4184E-02  1.0061E-01
  5.7761E-03  1.5555E+00 -2.4184E-02  1.0061E-01
  5.7761E-03  1.5555E+00 -2.4184E-02  1.0061E-01
  6.4384E-03  1.5474E+00  8.4368E-02  9.5351E-02
  6.4384E-03  1.5474E+00  8.4368E-02  9.5351E-02
  6.4384E-03  1.5474E+00  8.4368E-02  9.5351E-02
  6.4384E-03  1.5474E+00  8.4368E-02  9.5351E-02
  6.4384E-03  1.5474E+00  8.4368E-02  9.5351E-02
  6.4384E-03  1.5474E+00  8.4368E-02  9.5351E-02
  6.4384E-03  1.5474E+00  8.4368E-02  9.5351E-02
  6.4384E-03  1.5474E+00  8.4368E-02  9.5351E-02
  6.4384E-03  1.5474E+00  8.4368E-02  9.5351E-02
  5.4573E-03  2.0239E+00 -8.0955E-02  3.6383E-01
  5.4573E-03  2.0239E+00 -8.0955E-02  3.6383E-01
  5.4573E-03  2.0239E+00 -8.0955E-02  3.6383E-01
  5.4573E-03  2.0239E+00 -8.0955E-02  3.6383E-01
  5.4573E-03  2.0239E+00 -8.0955E-02  3.6383E-01
  5.4573E-03  2.0239E+00 -8.0955E-02  3.6383E-01
  5.4573E-03  2.0239E+00 -8.0955E-02  3.6383E-01
  5.4573E-03  2.0239E+00 -8.0955E-02  3.6383E-01
  5.4573E-03  2.0239E+00 -8.0955E-02  3.6383E-01
  5.4573E-03  2.0239E+00 -8.0955E-02  3.6383E-01
  5.4573E-03  2.0239E+00 -8.0955E-02  3.6383E-01
  8.4467E-03  1.4212E+00  3.5587E-01  1.0280E-02
  8.4467E-03  1.4212E+00  3.5587E-01  1.0280E-02
  8.4467E-03  1.4212E+00  3.5587E-01  1.0280E-02
  8.4467E-03  1.4212E+00  3.5587E-01  1.0280E-02
  8.4467E-03  1.4212E+00  3.5587E-01  1.0280E-02
  8.4467E-03  1.4212E+00  3.5587E-01  1.0280E-02
  8.4467E-03  1.4212E+00  3.5587E-01  1.0280E-02
  8.4467E-03  1.4212E+00  3.5587E-01  1.0280E-02
  8.4467E-03  1.4212E+00  3.5587E-01  1.0280E-02
  8.4467E-03  1.4212E+00  3.5587E-01  1.0280E-02
  8.4467E-03  1.4212E+00  3.5587E-01  1.0280E-02
  8.4467E-03  1.4212E+00  3.5587E-01  1.0280E-02
  8.4467E-03  1.4212E+00  3.5587E-01  1.0280E-02
  8.4467E-03  1.4212E+00  3.5587E-01  1.0280E-02
  8.4467E-03  1.4212E+00  3.5587E-01  1.0280E-02
  5.3805E-03  1.2198E+00 -9.5131E-02 -1.4248E-01
  5.3805E-03  1.2198E+00 -9.5131E-02 -1.4248E-01
  5.3805E-03  1.2198E+00 -9.5131E-02 -1.4248E-01
  5.3805E-03  1.2198E+00 -9.5131E-02 -1.4248E-01
  5.3805E-03  1.2198E+00 -9.5131E-02 -1.4248E-01
  5.3805E-03  1.2198E+00 -9.5131E-02 -1.4248E-01
  5.3805E-03  1.2198E+00 -9.5131E-02 -1.4248E-01
  5.3805E-03  1.2198E+00 -9.5131E-02 -1.4248E-01
  5.3805E-03  1.2198E+00 -9.5131E-02 -1.4248E-01
  5.3805E-03  1.2198E+00 -9.5131E-02 -1.4248E-01
  5.3805E-03  1.2198E+00 -9.5131E-02 -1.4248E-01
  5.3805E-03  1.2198E+00 -9.5131E-02 -1.4248E-01
  5.3805E-03  1.2198E+00 -9.5131E-02 -1.4248E-01
  5.3805E-03  1.2198E+00 -9.5131E-02 -1.4248E-01
  5.3805E-03  1.2198E+00 -9.5131E-02 -1.4248E-01
  5.3805E-03  1.2198E+00 -9.5131E-02 -1.4248E-01
  6.8378E-03  1.4274E+00  1.4455E-01  1.4628E-02
  6.8378E-03  1.4274E+00  1.4455E-01  1.4628E-02
  6.8378E-03  1.4274E+00  1.4455E-01  1.4628E-02
  6.8378E-03  1.4274E+00  1.4455E-01  1.4628E-02
  6.8378E-03  1.4274E+00  1.4455E-01  1.4628E-02
  6.8378E-03  1.4274E+00  1.4455E-01  1.4628E-02
  6.8378E-03  1.4274E+00  1.4455E-01  1.4628E-02
  6.8378E-03  1.4274E+00  1.4455E-01  1.4628E-02
  6.8378E-03  1.4274E+00  1.4455E-01  1.4628E-02
  6.8378E-03  1.4274E+00  1.4455E-01  1.4628E-02
  6.8378E-03  1.4274E+00  1.4455E-01  1.4628E-02
  6.8378E-03  1.4274E+00  1.4455E-01  1.4628E-02
  6.8378E-03  1.4274E+00  1.4455E-01  1.4628E-02
  6.8378E-03  1.4274E+00  1.4455E-01  1.4628E-02
  6.8378E-03  1.4274E+00  1.4455E-01  1.4628E-02
  6.8378E-03  1.4274E+00  1.4455E-01  1.4628E-02
  6.8378E-03  1.4274E+00  1.4455E-01  1.4628E-02
  6.8378E-03  1.4274E+00  1.4455E-01  1.4628E-02
  6.8378E-03  1.4274E+00  1.4455E-01  1.4628E-02
  9.4132E-03  1.7999E+00  4.6421E-01  2.4654E-01
  9.4132E-03  1.7999E+00  4.6421E-01  2.4654E-01
  9.4132E-03  1.7999E+00  4.6421E-01  2.4654E-01
  9.4132E-03  1.7999E+00  4.6421E-01  2.4654E-01
  9.4132E-03  1.7999E+00  4.6421E-01  2.4654E-01
  9.4132E-03  1.7999E+00  4.6421E-01  2.4654E-01
  9.4132E-03  1.7999E+00  4.6421E-01  2.4654E-01
  9.4132E-03  1.7999E+00  4.6421E-01  2.4654E-01
  9.4132E-03  1.7999E+00  4.6421E-01  2.4654E-01
  9.4132E-03  1.7999E+00  4.6421E-01  2.4654E-01
  9.4132E-03  1.7999E+00  4.6421E-01  2.4654E-01
  9.4132E-03  1.7999E+00  4.6421E-01  2.4654E-01
  9.4132E-03  1.7999E+00  4.6421E-01  2.4654E-01
  9.4132E-03  1.7999E+00  4.6421E-01  2.4654E-01
  9.4132E-03  1.7999E+00  4.6421E-01  2.4654E-01
  5.9118E-03  1.3574E+00 -9.6074E-04 -3.5631E-02
  5.9118E-03  1.3574E+00 -9.6074E-04 -3.5631E-02
  5.9118E-03  1.3574E+00 -9.6074E-04 -3.5631E-02
  5.9118E-03  1.3574E+00 -9.6074E-04 -3.5631E-02
  5.9118E-03  1.3574E+00 -9.6074E-04 -3.5631E-02
  6.3042E-03  1.9474E+00  6.3298E-02  3.2527E-01
  6.3042E-03  1.9474E+00  6.3298E-02  3.2527E-01
  6.3042E-03  1.9474E+00  6.3298E-02  3.2527E-01
  6.3042E-03  1.9474E+00  6.3298E-02  3.2527E-01
  6.3042E-03  1.9474E+00  6.3298E-02  3.2527E-01
  6.3042E-03  1.9474E+00  6.3298E-02  3.2527E-01
  6.3042E-03  1.9474E+00  6.3298E-02  3.2527E-01
  6.3042E-03  1.9474E+00  6.3298E-02  3.2527E-01
  6.3042E-03  1.9474E+00  6.3298E-02  3.2527E-01
  6.3042E-03  1.9474E+00  6.3298E-02  3.2527E-01
  7.1630E-03  4.8831E+00  1.9102E-01  1.2446E+00
  7.1630E-03  4.8831E+00  1.9102E-01  1.2446E+00
  7.1630E-03  4.8831E+00  1.9102E-01  1.2446E+00
  7.1630E-03  4.8831E+00  1.9102E-01  1.2446E+00
  7.1630E-03  4.8831E+00  1.9102E-01  1.2446E+00
  7.1630E-03  4.8831E+00  1.9102E-01  1.2446E+00
  7.1630E-03  4.8831E+00  1.9102E-01  1.2446E+00
  7.1630E-03  4.8831E+00  1.9102E-01  1.2446E+00
  7.1630E-03  4.8831E+00  1.9102E-01  1.2446E+00
  7.1630E-03  4.8831E+00  1.9102E-01  1.2446E+00
  5.8743E-03  8.3186E-01 -7.3229E-03 -5.2529E-01
  5.8743E-03  8.3186E-01 -7.3229E-03 -5.2529E-01
  6.6817E-03  1.4802E+00  1.2146E-01  5.0981E-02
  6.6817E-03  1.4802E+00  1.2146E-01  5.0981E-02
  6.6817E-03  1.4802E+00  1.2146E-01  5.0981E-02
  6.6817E-03  1.4802E+00  1.2146E-01  5.0981E-02
  6.6817E-03  1.4802E+00  1.2146E-01  5.0981E-02
  6.6817E-03  1.4802E+00  1.2146E-01  5.0981E-02
  6.6817E-03  1.4802E+00  1.2146E-01  5.0981E-02
  6.6817E-03  1.4802E+00  1.2146E-01  5.0981E-02
  6.6817E-03  1.4802E+00  1.2146E-01  5.0981E-02
  6.6817E-03  1.4802E+00  1.2146E-01  5.0981E-02
  6.6817E-03  1.4802E+00  1.2146E-01  5.0981E-02
  6.6817E-03  1.4802E+00  1.2146E-01  5.0981E-02
  6.6817E-03  1.4802E+00  1.2146E-01  5.0981E-02
  6.6817E-03  1.4802E+00  1.2146E-01  5.0981E-02
  6.6817E-03  1.4802E+00  1.2146E-01  5.0981E-02
  4.6274E-03  9.1976E-01 -2.4592E-01 -4.2484E-01
  4.6274E-03  9.1976E-01 -2.4592E-01 -4.2484E-01
  4.6274E-03  9.1976E-01 -2.4592E-01 -4.2484E-01
  4.6274E-03  9.1976E-01 -2.4592E-01 -4.2484E-01
  4.6274E-03  9.1976E-01 -2.4592E-01 -4.2484E-01
  4.6274E-03  9.1976E-01 -2.4592E-01 -4.2484E-01
  4.6274E-03  9.1976E-01 -2.4592E-01 -4.2484E-01
  4.6274E-03  9.1976E-01 -2.4592E-01 -4.2484E-01
  4.6274E-03  9.1976E-01 -2.4592E-01 -4.2484E-01
  4.6274E-03  9.1976E-01 -2.4592E-01 -4.2484E-01
  4.6274E-03  9.1976E-01 -2.4592E-01 -4.2484E-01
  4.6274E-03  9.1976E-01 -2.4592E-01 -4.2484E-01
  5.9047E-03  1.1106E+00 -2.1593E-03 -2.3631E-01
  5.9047E-03  1.1106E+00 -2.1593E-03 -2.3631E-01
  5.9047E-03  1.1106E+00 -2.1593E-03 -2.3631E-01
  6.1596E-03  2.3948E+00  4.0103E-02  5.3211E-01
  6.1596E-03  2.3948E+00  4.0103E-02  5.3211E-01
  6.1596E-03  2.3948E+00  4.0103E-02  5.3211E-01
  6.1596E-03  2.3948E+00  4.0103E-02  5.3211E-01
  6.1596E-03  2.3948E+00  4.0103E-02  5.3211E-01
  6.1596E-03  2.3948E+00  4.0103E-02  5.3211E-01
  2.0910E-03  7.2500E-01 -1.0403E+00 -6.6279E-01
  2.0910E-03  7.2500E-01 -1.0403E+00 -6.6279E-01
  2.0910E-03  7.2500E-01 -1.0403E+00 -6.6279E-01
  2.0910E-03  7.2500E-01 -1.0403E+00 -6.6279E-01
  2.0910E-03  7.2500E-01 -1.0403E+00 -6.6279E-01
  2.0910E-03  7.2500E-01 -1.0403E+00 -6.6279E-01
  2.0910E-03  7.2500E-01 -1.0403E+00 -6.6279E-01
  2.0910E-03  7.2500E-01 -1.0403E+00 -6.6279E-01
  2.0910E-03  7.2500E-01 -1.0403E+00 -6.6279E-01
  2.0910E-03  7.2500E-01 -1.0403E+00 -6.6279E-01
  2.0910E-03  7.2500E-01 -1.0403E+00 -6.6279E-01
  2.0910E-03  7.2500E-01 -1.0403E+00 -6.6279E-01
  2.0910E-03  7.2500E-01 -1.0403E+00 -6.6279E-01
  5.3610E-03  1.4787E+00 -9.8769E-02  4.9958E-02
  5.3610E-03  1.4787E+00 -9.8769E-02  4.9958E-02
  5.3610E-03  1.4787E+00 -9.8769E-02  4.9958E-02
  5.3610E-03  1.4787E+00 -9.8769E-02  4.9958E-02
  5.3610E-03  1.4787E+00 -9.8769E-02  4.9958E-02
  5.3610E-03  1.4787E+00 -9.8769E-02  4.9958E-02
  5.3610E-03  1.4787E+00 -9.8769E-02  4.9958E-02
  5.3610E-03  1.4787E+00 -9.8769E-02  4.9958E-02
  5.3610E-03  1.4787E+00 -9.8769E-02  4.9958E-02
  5.3610E-03  1.4787E+00 -9.8769E-02  4.9958E-02
  5.3610E-03  1.4787E+00 -9.8769E-02  4.9958E-02
  5.3610E-03  1.4787E+00 -9.8769E-02  4.9958E-02
  5.3610E-03  1.4787E+00 -9.8769E-02  4.9958E-02
  5.3610E-03  1.4787E+00 -9.8769E-02  4.9958E-02
  5.3610E-03  1.4787E+00 -9.8769E-02  4.9958E-02
  5.3610E-03  1.4787E+00 -9.8769E-02  4.9958E-02
  5.4142E-03  8.1964E-01 -8.8879E-02 -5.4009E-01
  5.4142E-03  8.1964E-01 -8.8879E-02 -5.4009E-01
  5.4142E-03  8.1964E-01 -8.8879E-02 -5.4009E-01
  5.4142E-03  8.1964E-01 -8.8879E-02 -5.4009E-01
  5.4142E-03  8.1964E-01 -8.8879E-02 -5.4009E-01
  5.4142E-03  8.1964E-01 -8.8879E-02 -5.4009E-01
  5.4142E-03  8.1964E-01 -8.8879E-02 -5.4009E-01
  5.4142E-03  8.1964E-01 -8.8879E-02 -5.4009E-01
  5.4142E-03  8.1964E-01 -8.8879E-02 -5.4009E-01
  5.4142E-03  8.1964E-01 -8.8879E-02 -5.4009E-01
  5.4142E-03  8.1964E-01 -8.8879E-02 -5.4009E-01
  5.4142E-03  8.1964E-01 -8.8879E-02 -5.4009E-01
  5.4142E-03  8.1964E-01 -8.8879E-02 -5.4009E-01
  5.4142E-03  8.1964E-01 -8.8879E-02 -5.4009E-01
  5.4142E-03  8.1964E-01 -8.8879E-02 -5.4009E-01
  5.4142E-03  8.1964E-01 -8.8879E-02 -5.4009E-01
  5.4142E-03  8.1964E-01 -8.8879E-02 -5.4009E-01
  5.4142E-03  8.1964E-01 -8.8879E-02 -5.4009E-01
  5.4142E-03  8.1964E-01 -8.8879E-02 -5.4009E-01
  4.5804E-03  1.0995E+00 -2.5613E-01 -2.4634E-01
  4.5804E-03  1.0995E+00 -2.5613E-01 -2.4634E-01
  4.5804E-03  1.0995E+00 -2.5613E-01 -2.4634E-01
  4.5804E-03  1.0995E+00 -2.5613E-01 -2.4634E-01
  4.5804E-03  1.0995E+00 -2.5613E-01 -2.4634E-01
  4.5804E-03  1.0995E+00 -2.5613E-01 -2.4634E-01
  4.5804E-03  1.0995E+00 -2.5613E-01 -2.4634E-01
  4.5804E-03  1.0995E+00 -2.5613E-01 -2.4634E-01
  4.5804E-03  1.0995E+00 -2.5613E-01 -2.4634E-01
  4.5804E-03  1.0995E+00 -2.5613E-01 -2.4634E-01
  4.5804E-03  1.0995E+00 -2.5613E-01 -2.4634E-01
  4.5804E-03  1.0995E+00 -2.5613E-01 -2.4634E-01
  4.5804E-03  1.0995E+00 -2.5613E-01 -2.4634E-01
  4.5804E-03  1.0995E+00 -2.5613E-01 -2.4634E-01
  4.5804E-03  1.0995E+00 -2.5613E-01 -2.4634E-01
  5.7705E-03  6.2558E-01 -2.5151E-02 -8.1028E-01
  5.7705E-03  6.2558E-01 -2.5151E-02 -8.1028E-01
  5.7705E-03  6.2558E-01 -2.5151E-02 -8.1028E-01
  5.7705E-03  6.2558E-01 -2.5151E-02 -8.1028E-01
  5.7705E-03  6.2558E-01 -2.5151E-02 -8.1028E-01
  5.7705E-03  6.2558E-01 -2.5151E-02 -8.1028E-01
  5.7705E-03  6.2558E-01 -2.5151E-02 -8.1028E-01
  5.7705E-03  6.2558E-01 -2.5151E-02 -8.1028E-01
  5.7705E-03  6.2558E-01 -2.5151E-02 -8.1028E-01
  5.7705E-03  6.2558E-01 -2.5151E-02 -8.1028E-01
  5.7705E-03  6.2558E-01 -2.5151E-02 -8.1028E-01
  5.7705E-03  6.2558E-01 -2.5151E-02 -8.1028E-01
  5.7705E-03  6.2558E-01 -2.5151E-02 -8.1028E-01
  5.7705E-03  6.2558E-01 -2.5151E-02 -8.1028E-01
  5.7705E-03  6.2558E-01 -2.5151E-02 -8.1028E-01
  5.7705E-03  6.2558E-01 -2.5151E-02 -8.1028E-01
  5.0207E-03  1.5334E+00 -1.6435E-01  8.6278E-02
  5.0207E-03  1.5334E+00 -1.6435E-01  8.6278E-02
  5.0207E-03  1.5334E+00 -1.6435E-01  8.6278E-02
  5.0207E-03  1.5334E+00 -1.6435E-01  8.6278E-02
  5.0207E-03  1.5334E+00 -1.6435E-01  8.6278E-02
  5.0207E-03  1.5334E+00 -1.6435E-01  8.6278E-02
  5.0207E-03  1.5334E+00 -1.6435E-01  8.6278E-02
  5.0207E-03  1.5334E+00 -1.6435E-01  8.6278E-02
  5.7208E-03  1.3954E+00 -3.3804E-02 -7.9996E-03
  5.7208E-03  1.3954E+00 -3.3804E-02 -7.9996E-03
  5.7208E-03  1.3954E+00 -3.3804E-02 -7.9996E-03
  5.7208E-03  1.3954E+00 -3.3804E-02 -7.9996E-03
  5.7208E-03  1.3954E+00 -3.3804E-02 -7.9996E-03
  5.7208E-03  1.3954E+00 -3.3804E-02 -7.9996E-03
  5.7208E-03  1.3954E+00 -3.3804E-02 -7.9996E-03
  5.7208E-03  1.3954E+00 -3.3804E-02 -7.9996E-03
  5.7208E-03  1.3954E+00 -3.3804E-02 -7.9996E-03
  5.7208E-03  1.3954E+00 -3.3804E-02 -7.9996E-03
  5.7208E-03  1.3954E+00 -3.3804E-02 -7.9996E-03
  5.7208E-03  1.3954E+00 -3.3804E-02 -7.9996E-03
  5.7208E-03  1.3954E+00 -3.3804E-02 -7.9996E-03
  5.7208E-03  1.3954E+00 -3.3804E-02 -7.9996E-03
  6.1582E-03  1.6552E+00  3.9872E-02  1.6275E-01
  6.1582E-03  1.6552E+00  3.9872E-02  1.6275E-01
  6.1582E-03  1.6552E+00  3.9872E-02  1.6275E-01
  6.1582E-03  1.6552E+00  3.9872E-02  1.6275E-01
  6.1582E-03  1.6552E+00  3.9872E-02  1.6275E-01
  6.1582E-03  1.6552E+00  3.9872E-02  1.6275E-01
  6.1582E-03  1.6552E+00  3.9872E-02  1.6275E-01
  6.1582E-03  1.6552E+00  3.9872E-02  1.6275E-01
  5.2811E-03  6.9067E-01 -1.1378E-01 -7.1130E-01
  5.2811E-03  6.9067E-01 -1.1378E-01 -7.1130E-01
  5.2811E-03  6.9067E-01 -1.1378E-01 -7.1130E-01
  8.4143E-03  2.0602E+00  3.5203E-01  3.8161E-01
  8.4143E-03  2.0602E+00  3.5203E-01  3.8161E-01
  8.4143E-03  2.0602E+00  3.5203E-01  3.8161E-01
  8.4143E-03  2.0602E+00  3.5203E-01  3.8161E-01
  8.4143E-03  2.0602E+00  3.5203E-01  3.8161E-01
  8.4143E-03  2.0602E+00  3.5203E-01  3.8161E-01
  8.4143E-03  2.0602E+00  3.5203E-01  3.8161E-01
  8.4143E-03  2.0602E+00  3.5203E-01  3.8161E-01
  8.4143E-03  2.0602E+00  3.5203E-01  3.8161E-01
  8.4143E-03  2.0602E+00  3.5203E-01  3.8161E-01
  8.4143E-03  2.0602E+00  3.5203E-01  3.8161E-01
  8.4143E-03  2.0602E+00  3.5203E-01  3.8161E-01
  6.8070E-03  1.1643E+00  1.4003E-01 -1.8908E-01
  6.8070E-03  1.1643E+00  1.4003E-01 -1.8908E-01
  6.8070E-03  1.1643E+00  1.4003E-01 -1.8908E-01
  6.8070E-03  1.1643E+00  1.4003E-01 -1.8908E-01
  6.8070E-03  1.1643E+00  1.4003E-01 -1.8908E-01
  6.8070E-03  1.1643E+00  1.4003E-01 -1.8908E-01
  6.8070E-03  1.1643E+00  1.4003E-01 -1.8908E-01
  6.8070E-03  1.1643E+00  1.4003E-01 -1.8908E-01
  6.8070E-03  1.1643E+00  1.4003E-01 -1.8908E-01
  6.8070E-03  1.1643E+00  1.4003E-01 -1.8908E-01
  6.8070E-03  1.1643E+00  1.4003E-01 -1.8908E-01
  6.8070E-03  1.1643E+00  1.4003E-01 -1.8908E-01
  6.8070E-03  1.1643E+00  1.4003E-01 -1.8908E-01
  6.8070E-03  1.1643E+00  1.4003E-01 -1.8908E-01
  6.8070E-03  1.1643E+00  1.4003E-01 -1.8908E-01
  4.3790E-03  9.6658E-01 -3.0108E-01 -3.7520E-01
  4.3790E-03  9.6658E-01 -3.0108E-01 -3.7520E-01
  4.3790E-03  9.6658E-01 -3.0108E-01 -3.7520E-01
  4.3790E-03  9.6658E-01 -3.0108E-01 -3.7520E-01
  4.3790E-03  9.6658E-01 -3.0108E-01 -3.7520E-01
  4.3790E-03  9.6658E-01 -3.0108E-01 -3.7520E-01
  4.3790E-03  9.6658E-01 -3.0108E-01 -3.7520E-01
  4.3790E-03  9.6658E-01 -3.0108E-01 -3.7520E-01
  4.3790E-03  9.6658E-01 -3.0108E-01 -3.7520E-01
  4.3790E-03  9.6658E-01 -3.0108E-01 -3.7520E-01
  4.3790E-03  9.6658E-01 -3.0108E-01 -3.7520E-01
  4.3790E-03  9.6658E-01 -3.0108E-01 -3.7520E-01
  4.3790E-03  9.6658E-01 -3.0108E-01 -3.7520E-01
  4.3790E-03  9.6658E-01 -3.0108E-01 -3.7520E-01
  4.3790E-03  9.6658E-01 -3.0108E-01 -3.7520E-01
  4.3790E-03  9.6658E-01 -3.0108E-01 -3.7520E-01
